"V1","V2","V3","V4","V5","V6","V7","V8","V9","V10","V11","V12","V13","V14","V15","V16","V17","V18","V19","V20","V21"
1,0.115180932871689,0.0652599130879814,0.136853369165674,0.838466086214103,0.87881127481879,0.455646667516978,0.113709075179376,0.221990380206121,0.174126094925639,0.0970017273240617,0.288810064099637,0.122366412060793,0.725522818701974,0.263609383764782,0.870325549779642,0.54630438471683,0.602200515126005,0.3991197512713,0.0676413493097598,0.660706985780087
0.115180932871689,1,0.122375890990244,0.809890091934523,0.158076697646266,0.122208990125725,0.220565761446708,0.879010958488499,0.353002738998408,0.185823167252995,0.284406168612271,0.855833149504434,0.50661002532632,0.203413145965304,0.629203576051644,0.251602613504596,0.508551068256318,0.470792998666334,0.373047735855596,0.473393859930234,0.264238743704657
0.0652599130879814,0.122375890990244,1,0.306031124526709,0.180414048096859,0.0390859652730176,0.471931110822761,0.0721582256670026,0.62501782047531,0.839818675998183,0.82056369461146,0.172635455809583,0.537770868119367,0.0438940632038385,0.361315308084342,0.100094564807656,0.192508875563302,0.0930358398086363,0.357806084252685,0.510779567613276,0.222080519916897
0.136853369165674,0.809890091934523,0.306031124526709,1,0.224727309502469,0.132342577617492,0.398546077397705,0.623154316066748,0.645621954143148,0.413072835557382,0.596435122609197,0.845355357211173,0.855224842968517,0.206087040921493,0.865467710423897,0.287667261216958,0.602377698861139,0.473012769637798,0.570085773332705,0.810780074178864,0.366018243960027
0.838466086214103,0.158076697646266,0.180414048096859,0.224727309502469,1,0.670078189067818,0.768302581262563,0.146258061380293,0.454497573921006,0.390809866425065,0.242873312944013,0.368944144841984,0.256018297282929,0.610600050162538,0.430248831909954,0.86483026170756,0.687031223774209,0.610115014559207,0.661415232028271,0.15182316724596,0.895996023048508
0.87881127481879,0.122208990125725,0.0390859652730176,0.132342577617492,0.670078189067818,1,0.332246345456697,0.1229280547932,0.16383405425953,0.11359193511904,0.0661192744289766,0.299508727454362,0.0998165879190462,0.878516413286583,0.237653887092934,0.857859723590791,0.524283802060098,0.661133293043435,0.327180066181248,0.0559919138030412,0.559267427694492
0.455646667516978,0.220565761446708,0.471931110822761,0.398546077397705,0.768302581262563,0.332246345456697,1,0.175964950090566,0.837115534833126,0.777153026697731,0.593411414854566,0.425048151056668,0.554583686452506,0.33215257730369,0.663325647749347,0.576324394058232,0.678846392632274,0.446599818310316,0.891761531710589,0.382267083234417,0.853036950480867
0.113709075179376,0.879010958488499,0.0721582256670026,0.623154316066748,0.146258061380293,0.1229280547932,0.175964950090566,1,0.256474494060225,0.124333311913471,0.17825809701987,0.790795753561997,0.349588086288679,0.203628729974693,0.509773080508118,0.24327740740715,0.464525476473504,0.454875842211331,0.310314677929007,0.306759409627757,0.239433292772504
0.221990380206121,0.353002738998408,0.62501782047531,0.645621954143149,0.454497573921006,0.163834054259531,0.837115534833127,0.256474494060225,1,0.87005773927972,0.858851001060017,0.528473113900174,0.860755810716654,0.194060529695433,0.838827530651243,0.355215024823062,0.610908179050575,0.365285932366841,0.848281354403991,0.679183271808933,0.603503222364224
0.174126094925639,0.185823167252995,0.839818675998183,0.413072835557382,0.390809866425065,0.11359193511904,0.777153026697731,0.124333311913471,0.87005773927972,1,0.877153958900709,0.297269889646306,0.671832978635225,0.120582821741796,0.566112626709381,0.2466259698272,0.388264686446531,0.209431599444601,0.636711264108866,0.560818647289756,0.466603493646628
0.0970017273240617,0.284406168612271,0.82056369461146,0.596435122609197,0.242873312944013,0.0661192744289767,0.593411414854566,0.17825809701987,0.858851001060017,0.877153958900709,1,0.365764630459062,0.86277189684825,0.0833022201983057,0.635355495540863,0.167569293553727,0.351788454879672,0.191388594434888,0.55057547055503,0.822379004422088,0.329513691503595
0.288810064099637,0.855833149504434,0.172635455809583,0.845355357211173,0.368944144841984,0.299508727454362,0.425048151056668,0.790795753561996,0.528473113900174,0.297269889646306,0.365764630459062,1,0.609179216908538,0.428170434092324,0.844116967578506,0.52047119788207,0.819300349625302,0.760448240519493,0.638006103782516,0.501898547556793,0.534711496973783
0.122366412060793,0.50661002532632,0.537770868119367,0.855224842968517,0.256018297282929,0.0998165879190462,0.554583686452506,0.349588086288679,0.860755810716654,0.671832978635224,0.86277189684825,0.609179216908538,1,0.141020385576968,0.851367667639171,0.238895186358537,0.517808496879168,0.329952785895259,0.645306181213971,0.905442855418248,0.388130559865516
0.725522818701974,0.203413145965304,0.0438940632038385,0.206087040921493,0.610600050162538,0.878516413286583,0.33215257730369,0.203628729974692,0.194060529695432,0.120582821741796,0.0833022201983057,0.428170434092325,0.141020385576968,1,0.317608327162853,0.87128502377041,0.625605357854263,0.831309660686288,0.376306488526466,0.0869976768259057,0.578099415117119
0.263609383764783,0.629203576051644,0.361315308084342,0.865467710423897,0.430248831909953,0.237653887092934,0.663325647749347,0.509773080508118,0.838827530651243,0.566112626709381,0.635355495540863,0.844116967578505,0.851367667639171,0.317608327162853,1,0.472406482556363,0.822205190930648,0.602904736547229,0.857238927378006,0.670672700110692,0.632427008768517
0.870325549779643,0.251602613504596,0.100094564807656,0.287667261216959,0.86483026170756,0.857859723590792,0.576324394058232,0.24327740740715,0.355215024823062,0.2466259698272,0.167569293553727,0.52047119788207,0.238895186358537,0.87128502377041,0.472406482556363,1,0.811580225582334,0.859215882553291,0.607158626441013,0.144999832472079,0.842424959287279
0.54630438471683,0.508551068256318,0.192508875563302,0.602377698861139,0.687031223774209,0.524283802060098,0.678846392632274,0.464525476473504,0.610908179050575,0.388264686446531,0.351788454879672,0.819300349625302,0.517808496879169,0.625605357854263,0.822205190930647,0.811580225582334,1,0.876082299237139,0.858039771027515,0.357258312588818,0.865825717168463
0.602200515126005,0.470792998666334,0.0930358398086363,0.473012769637798,0.610115014559208,0.661133293043435,0.446599818310316,0.454875842211331,0.365285932366841,0.209431599444601,0.191388594434888,0.760448240519493,0.329952785895259,0.831309660686288,0.602904736547229,0.859215882553291,0.87608229923714,1,0.590345302266684,0.232241638319044,0.69685816887395
0.3991197512713,0.373047735855596,0.357806084252685,0.570085773332705,0.661415232028271,0.327180066181248,0.891761531710589,0.310314677929006,0.848281354403991,0.636711264108866,0.550575470555031,0.638006103782516,0.645306181213971,0.376306488526466,0.857238927378006,0.607158626441013,0.858039771027515,0.590345302266684,1,0.441249588461333,0.865198544229876
0.0676413493097598,0.473393859930234,0.510779567613275,0.810780074178864,0.15182316724596,0.0559919138030412,0.382267083234417,0.306759409627757,0.679183271808933,0.560818647289756,0.822379004422088,0.501898547556793,0.905442855418248,0.0869976768259057,0.670672700110692,0.144999832472079,0.357258312588818,0.232241638319044,0.441249588461333,1,0.239338265223273
0.660706985780087,0.264238743704657,0.222080519916897,0.366018243960027,0.895996023048508,0.559267427694492,0.853036950480867,0.239433292772504,0.603503222364224,0.466603493646628,0.329513691503595,0.534711496973783,0.388130559865516,0.578099415117119,0.632427008768517,0.842424959287279,0.865825717168463,0.696858168873949,0.865198544229876,0.239338265223273,1
